7.000000000e+00 3.659305710e+00 1.812025206e-08 4.050283963e-08 4.050283963e-08
1.400000000e+01 5.808785734e+00 2.935610967e-08 5.800025606e-08 5.800025606e-08
2.100000000e+01 7.611662611e+00 3.624139324e-08 7.203462293e-08 7.203462293e-08
2.800000000e+01 9.220872584e+00 4.486827355e-08 7.692463860e-08 7.692463860e-08
3.500000000e+01 1.069987481e+01 5.289483062e-08 8.228144633e-08 8.228144633e-08
4.200000000e+01 1.208276124e+01 5.803584569e-08 8.812149238e-08 8.812149238e-08
4.900000000e+01 1.339051828e+01 5.470159442e-08 8.431992604e-08 8.431992604e-08
5.600000000e+01 1.463722284e+01 5.764265366e-08 8.643684891e-08 8.643684891e-08
6.300000000e+01 1.583289626e+01 5.903353797e-08 8.591174675e-08 8.591174675e-08
7.000000000e+01 1.698499252e+01 6.173565056e-08 8.758940736e-08 8.758940736e-08
