1.000000000e+00 1.766433568e-08 2.035350104e-08 2.035350104e-08
1.470000000e+02 2.202947918e-07 2.520049602e-07 2.520049602e-07
1.540000000e+02 2.250434955e-07 2.581660000e-07 2.581660000e-07
1.610000000e+02 2.307552151e-07 2.637930415e-07 2.637930415e-07
1.680000000e+02 2.374815410e-07 2.628385389e-07 2.628385389e-07
1.750000000e+02 2.556811967e-07 2.722997165e-07 2.722997165e-07
1.820000000e+02 2.399211350e-07 2.799662131e-07 2.799662131e-07
1.890000000e+02 2.412464782e-07 2.861795575e-07 2.861795575e-07
1.960000000e+02 2.575533918e-07 2.971942564e-07 2.971942564e-07
2.030000000e+02 2.471497285e-07 3.019776536e-07 3.019776536e-07
2.100000000e+02 2.706375200e-07 3.057731736e-07 3.057731736e-07
