1.000000000e+00 1.075460130e-09 1.050966107e-08 1.050966107e-08
1.470000000e+02 2.339755503e-08 1.628158142e-07 1.628158142e-07
1.540000000e+02 2.431775736e-08 1.684330269e-07 1.684330269e-07
1.610000000e+02 2.466779583e-08 1.739959258e-07 1.739959258e-07
1.680000000e+02 2.352831915e-08 1.680415549e-07 1.680415549e-07
1.750000000e+02 2.470359002e-08 1.752004284e-07 1.752004284e-07
1.820000000e+02 2.782904019e-08 1.903993505e-07 1.903993505e-07
1.890000000e+02 2.803024566e-08 1.927645411e-07 1.927645411e-07
1.960000000e+02 2.968592200e-08 1.980214167e-07 1.980214167e-07
2.030000000e+02 3.045321978e-08 1.994786719e-07 1.994786719e-07
2.100000000e+02 2.962111113e-08 1.998430459e-07 1.998430459e-07
