7.000000000e-01 4.222559718e-11 1.683554012e-09 1.683554012e-09
1.400000000e+00 2.144521024e-09 2.022826556e-08 2.022826556e-08
2.100000000e+00 2.050414097e-08 7.868288516e-08 7.868288516e-08
2.800000000e+00 8.863669378e-08 1.615476274e-07 1.615476274e-07
3.500000000e+00 2.207868764e-07 2.648071419e-07 2.648071419e-07
4.200000000e+00 4.271137427e-07 3.409296941e-07 3.409296941e-07
4.900000000e+00 6.907073830e-07 4.424989482e-07 4.424989482e-07
5.600000000e+00 8.529197372e-07 6.377647301e-07 6.377647301e-07
6.300000000e+00 1.229696691e-06 8.306860669e-07 8.306860669e-07
7.000000000e+00 1.515856423e-06 1.059273009e-06 1.059273009e-06
7.700000000e+00 1.574468068e-06 1.339542379e-06 1.339542379e-06
8.400000000e+00 1.928767716e-06 1.561384210e-06 1.561384210e-06
9.100000000e+00 1.900516649e-06 1.928591336e-06 1.928591336e-06
9.800000000e+00 2.240328077e-06 2.066431881e-06 2.066431881e-06
1.050000000e+01 2.387781322e-06 2.464315160e-06 2.464315160e-06
1.120000000e+01 2.631969483e-06 2.671682704e-06 2.671682704e-06
1.190000000e+01 2.781390942e-06 3.038057546e-06 3.038057546e-06
1.260000000e+01 3.246110880e-06 3.404948829e-06 3.404948829e-06
1.330000000e+01 3.768995846e-06 3.923585551e-06 3.923585551e-06
1.400000000e+01 3.442401015e-06 4.369275558e-06 4.369275558e-06
1.470000000e+01 4.199473065e-06 4.979558989e-06 4.979558989e-06
1.540000000e+01 4.676882330e-06 5.624848818e-06 5.624848818e-06
1.610000000e+01 4.932645809e-06 5.889670814e-06 5.889670814e-06
1.680000000e+01 5.742502907e-06 6.792266488e-06 6.792266488e-06
1.750000000e+01 6.830607474e-06 7.330121880e-06 7.330121880e-06
1.820000000e+01 7.750817020e-06 8.207462840e-06 8.207462840e-06
1.890000000e+01 7.712702558e-06 8.528751599e-06 8.528751599e-06
1.960000000e+01 8.731067253e-06 9.272316708e-06 9.272316708e-06
2.030000000e+01 9.920258711e-06 9.563335024e-06 9.563335024e-06
2.100000000e+01 9.497712189e-06 1.070464350e-05 1.070464350e-05
2.170000000e+01 1.115575463e-05 1.132686299e-05 1.132686299e-05
2.240000000e+01 1.093923423e-05 1.213273127e-05 1.213273127e-05
2.310000000e+01 1.130640156e-05 1.294005991e-05 1.294005991e-05
2.380000000e+01 1.248906844e-05 1.375487888e-05 1.375487888e-05
2.450000000e+01 1.262264764e-05 1.452025453e-05 1.452025453e-05
2.520000000e+01 1.212451337e-05 1.575623952e-05 1.575623952e-05
2.590000000e+01 1.383119039e-05 1.591251387e-05 1.591251387e-05
2.660000000e+01 1.393595627e-05 1.684134103e-05 1.684134103e-05
2.730000000e+01 1.331695589e-05 1.728174380e-05 1.728174380e-05
2.800000000e+01 1.506055387e-05 1.804340007e-05 1.804340007e-05
2.870000000e+01 1.488496222e-05 1.902165979e-05 1.902165979e-05
2.940000000e+01 1.512060343e-05 1.914344449e-05 1.914344449e-05
3.010000000e+01 1.467172089e-05 1.855304362e-05 1.855304362e-05
3.080000000e+01 1.596255949e-05 1.963639880e-05 1.963639880e-05
3.150000000e+01 1.601149180e-05 1.935594531e-05 1.935594531e-05
3.220000000e+01 1.689573716e-05 2.053245926e-05 2.053245926e-05
3.290000000e+01 1.748824251e-05 2.040654392e-05 2.040654392e-05
3.360000000e+01 1.678139170e-05 2.033000818e-05 2.033000818e-05
3.430000000e+01 1.731943309e-05 2.078943242e-05 2.078943242e-05
3.500000000e+01 1.717367762e-05 2.189483914e-05 2.189483914e-05
3.570000000e+01 1.803486948e-05 2.140738343e-05 2.140738343e-05
3.640000000e+01 1.813567116e-05 2.248931666e-05 2.248931667e-05
3.710000000e+01 1.567281154e-05 2.171507665e-05 2.171507665e-05
3.780000000e+01 1.778241104e-05 2.077984080e-05 2.077984080e-05
3.850000000e+01 1.893740707e-05 2.286377969e-05 2.286377969e-05
3.920000000e+01 1.953201276e-05 2.160719816e-05 2.160719816e-05
3.990000000e+01 1.855136466e-05 2.299363144e-05 2.299363144e-05
4.060000000e+01 1.726349244e-05 2.176202308e-05 2.176202308e-05
4.130000000e+01 1.744411684e-05 2.258736711e-05 2.258736711e-05
4.200000000e+01 2.074079701e-05 2.232860252e-05 2.232860252e-05
4.270000000e+01 2.027970747e-05 2.399770170e-05 2.399770170e-05
4.340000000e+01 2.215464478e-05 2.411534672e-05 2.411534672e-05
4.410000000e+01 2.063876958e-05 2.434801751e-05 2.434801751e-05
4.480000000e+01 1.997164088e-05 2.237122976e-05 2.237122976e-05
4.550000000e+01 2.102582298e-05 2.348659253e-05 2.348659253e-05
4.620000000e+01 2.127524928e-05 2.343459222e-05 2.343459222e-05
4.690000000e+01 2.087974519e-05 2.492757131e-05 2.492757131e-05
4.760000000e+01 1.889589113e-05 2.336557760e-05 2.336557760e-05
4.830000000e+01 1.921023461e-05 2.366839059e-05 2.366839059e-05
4.900000000e+01 1.783330770e-05 2.346406024e-05 2.346406024e-05
4.970000000e+01 2.368758257e-05 2.643637040e-05 2.643637040e-05
5.040000000e+01 2.021747812e-05 2.430299075e-05 2.430299075e-05
5.110000000e+01 1.957353502e-05 2.414119084e-05 2.414119084e-05
5.180000000e+01 2.079531859e-05 2.434045086e-05 2.434045086e-05
5.250000000e+01 2.064759490e-05 2.451800208e-05 2.451800208e-05
5.320000000e+01 2.263083548e-05 2.467566458e-05 2.467566458e-05
5.390000000e+01 2.145180206e-05 2.426031068e-05 2.426031068e-05
5.460000000e+01 2.508243550e-05 2.686737655e-05 2.686737655e-05
5.530000000e+01 2.255140859e-05 2.484284967e-05 2.484284967e-05
5.600000000e+01 2.204216226e-05 2.637298149e-05 2.637298149e-05
5.670000000e+01 2.386446929e-05 2.434290632e-05 2.434290632e-05
5.740000000e+01 2.372670664e-05 2.590317080e-05 2.590317080e-05
5.810000000e+01 2.297282881e-05 2.601769849e-05 2.601769849e-05
5.880000000e+01 2.409531986e-05 2.662288791e-05 2.662288791e-05
5.950000000e+01 2.315194127e-05 2.697442976e-05 2.697442976e-05
6.020000000e+01 2.566303155e-05 2.713580370e-05 2.713580370e-05
6.090000000e+01 2.705536672e-05 2.861010436e-05 2.861010436e-05
6.160000000e+01 1.959244148e-05 2.323794177e-05 2.323794177e-05
6.230000000e+01 2.573751432e-05 2.789137964e-05 2.789137964e-05
6.300000000e+01 2.316638628e-05 2.483037480e-05 2.483037480e-05
6.370000000e+01 2.946752030e-05 2.407870239e-05 2.407870239e-05
6.440000000e+01 2.520511605e-05 2.869518247e-05 2.869518247e-05
6.510000000e+01 2.325633475e-05 2.745470939e-05 2.745470939e-05
6.580000000e+01 2.476812648e-05 2.789695509e-05 2.789695509e-05
6.650000000e+01 2.565775026e-05 2.510190564e-05 2.510190564e-05
6.720000000e+01 1.662572621e-05 2.266571675e-05 2.266571675e-05
6.790000000e+01 2.698072912e-05 3.140529864e-05 3.140529864e-05
6.860000000e+01 2.363003550e-05 2.792940388e-05 2.792940388e-05
6.930000000e+01 2.030975724e-05 2.563702125e-05 2.563702125e-05
7.000000000e+01 2.050666772e-05 2.349379400e-05 2.349379400e-05
7.070000000e+01 2.687871477e-05 3.031774734e-05 3.031774734e-05
7.140000000e+01 2.695174827e-05 2.822490275e-05 2.822490275e-05
7.210000000e+01 2.621122041e-05 3.198513329e-05 3.198513329e-05
7.280000000e+01 2.621719951e-05 2.965301182e-05 2.965301182e-05
7.350000000e+01 2.795261649e-05 2.719234669e-05 2.719234669e-05
7.420000000e+01 3.037749784e-05 3.109506509e-05 3.109506509e-05
7.490000000e+01 2.827309567e-05 3.358384992e-05 3.358384992e-05
7.560000000e+01 2.332244895e-05 2.696330847e-05 2.696330847e-05
7.630000000e+01 2.320744841e-05 2.705450535e-05 2.705450535e-05
7.700000000e+01 2.843112360e-05 3.153558158e-05 3.153558158e-05
7.770000000e+01 2.558605657e-05 2.767481090e-05 2.767481090e-05
7.840000000e+01 3.055533649e-05 2.840061685e-05 2.840061685e-05
7.910000000e+01 2.282182951e-05 2.642626238e-05 2.642626238e-05
7.980000000e+01 2.091080403e-05 2.912322044e-05 2.912322044e-05
8.050000000e+01 2.695580424e-05 2.798736325e-05 2.798736325e-05
8.120000000e+01 2.662409369e-05 2.933204235e-05 2.933204235e-05
8.190000000e+01 2.736316599e-05 3.004971790e-05 3.004971790e-05
8.260000000e+01 2.406979622e-05 2.978006883e-05 2.978006883e-05
8.330000000e+01 3.149882673e-05 2.889415988e-05 2.889415988e-05
8.400000000e+01 2.888998935e-05 2.869845527e-05 2.869845527e-05
8.470000000e+01 2.999400679e-05 3.555715958e-05 3.555715958e-05
8.540000000e+01 2.471918072e-05 2.721226713e-05 2.721226713e-05
8.610000000e+01 2.851442042e-05 2.848638573e-05 2.848638573e-05
8.680000000e+01 2.309137400e-05 2.433571455e-05 2.433571455e-05
8.750000000e+01 2.848455547e-05 3.135262732e-05 3.135262732e-05
8.820000000e+01 2.571575804e-05 2.790928268e-05 2.790928268e-05
8.890000000e+01 2.579419309e-05 3.220209502e-05 3.220209502e-05
8.960000000e+01 3.253047642e-05 3.570534474e-05 3.570534474e-05
9.030000000e+01 3.072810022e-05 3.116164423e-05 3.116164423e-05
9.100000000e+01 2.666865196e-05 3.086466162e-05 3.086466162e-05
9.170000000e+01 2.536382771e-05 3.374287193e-05 3.374287193e-05
9.240000000e+01 2.242617864e-05 2.964037511e-05 2.964037511e-05
9.310000000e+01 2.824676048e-05 3.272903891e-05 3.272903891e-05
9.380000000e+01 3.891087354e-05 3.683256397e-05 3.683256397e-05
9.450000000e+01 3.295936090e-05 3.653385738e-05 3.653385738e-05
9.520000000e+01 3.316520047e-05 3.573090713e-05 3.573090713e-05
9.590000000e+01 3.120353674e-05 2.926556264e-05 2.926556264e-05
9.660000000e+01 2.804212935e-05 3.362333731e-05 3.362333731e-05
9.730000000e+01 3.401131786e-05 3.667877614e-05 3.667877614e-05
9.800000000e+01 3.700560921e-05 3.318346004e-05 3.318346004e-05
9.870000000e+01 4.427188027e-05 3.847127837e-05 3.847127837e-05
9.940000000e+01 2.888040303e-05 3.317251930e-05 3.317251930e-05
1.001000000e+02 2.310851449e-05 2.876203028e-05 2.876203028e-05
1.008000000e+02 2.421512628e-05 2.850671302e-05 2.850671302e-05
1.015000000e+02 2.676328168e-05 2.776496515e-05 2.776496515e-05
1.022000000e+02 2.497875233e-05 2.611338470e-05 2.611338470e-05
1.029000000e+02 3.773043841e-05 3.385631016e-05 3.385631016e-05
1.036000000e+02 2.895862350e-05 3.483205825e-05 3.483205825e-05
1.043000000e+02 1.953133620e-05 3.170343590e-05 3.170343590e-05
