1.000000000e+00 9.990563355e-10 1.051680512e-08 1.051680512e-08
7.700000000e+01 1.302552407e-08 1.067542633e-07 1.067542633e-07
8.400000000e+01 1.411933439e-08 1.150768356e-07 1.150768356e-07
9.100000000e+01 1.570178940e-08 1.170531388e-07 1.170531388e-07
9.800000000e+01 1.651427873e-08 1.247983302e-07 1.247983302e-07
1.050000000e+02 1.638749295e-08 1.284426578e-07 1.284426578e-07
1.120000000e+02 1.798265093e-08 1.342469051e-07 1.342469051e-07
1.190000000e+02 2.063155671e-08 1.463410468e-07 1.463410468e-07
1.260000000e+02 2.119866062e-08 1.499072437e-07 1.499072437e-07
1.330000000e+02 2.141399051e-08 1.490290318e-07 1.490290318e-07
1.400000000e+02 2.095173981e-08 1.551370450e-07 1.551370450e-07
